1 17 'thing' 
2 120 'A' 1 
3 17 'entity' 
4 60 3 
5 19 2 4 
6 17 'person' 
7 120 'A' 6 
8 60 1 
9 19 7 8 
10 17 'key' 
11 60 1 
12 19 10 11 
13 17 'door' 
14 60 1 
15 19 13 14 
16 17 'akey' 
17 120 'an' 10 
18 19 16 17 
19 17 'adoor' 
20 120 'an' 13 
21 19 19 20 
22 2 1 
23 61 22 '' 
24 61 22 '' 
25 66 'opening' 23 24 false false 
26 17 'open' 
27 17 'from' 
28 121  (  26 27  )  
29 17 'opening' 
30 68 28 29 
31 17 'John' 
32 120 'an' 6 
33 19 31 32 
34 17 'Marsha' 
35 120 'an' 6 
36 19 34 35 
37 17 'Ninguem' 
38 120 'an' 6 
39 19 37 38 
40 17 'Phase1' 
41 17 'who' 
42 39 41 
43 17 'drop' 
44 39 43 
45 25 
46 26 'A1' 45 
47 27  (  42 44 46  )  
48 25 
49 26 'M' 48 
50 27  (  49  )  
51 116 40 47 50 
52 17 'Phase2' 
53 17 'K' 
54 10  (  53  )  
55 115 52 54 
56 129 55 
57 58 56 
58 81  (  57  )  
59 129 58 
60 114 51 59 
61 39 41 
62 17 'droped' 
63 39 62 
64 17 'by' 
65 39 64 
66 25 
67 26 'A1' 66 
68 27  (  61 63 65 67  )  
69 25 
70 26 'K' 69 
71 27  (  70  )  
72 116 52 68 71 
73 17 'M' 
74 10  (  73  )  
75 115 40 74 
76 129 75 
77 58 76 
78 81  (  77  )  
79 129 78 
80 114 72 79 
81 17 'Phase3' 
82 25 
83 26 'A1' 82 
84 17 'that' 
85 39 84 
86 17 'which' 
87 39 86 
88 39 41 
89 32  (  85 87 88  )  
90 17 'relates' 
91 39 90 
92 17 'to' 
93 39 92 
94 25 
95 26 'A2' 94 
96 39 64 
97 25 
98 26 'A3' 97 
99 27  (  83 89 91 93 95 96 98  )  
100 25 
101 26 'K' 100 
102 25 
103 26 'L' 102 
104 17 'relation' 
105 39 104 
106 26 'R' 105 
107 27  (  101 103 106  )  
108 116 81 99 107 
109 17 'relation_query_x' 
110 17 'R' 
111 17 'L' 
112 121  (  109 110 111  )  
113 129 112 
114 58 113 
115 81  (  114  )  
116 129 115 
117 114 108 116 
118 17 'Phase4' 
119 39 26 
120 39 64 
121 25 
122 26 'A1' 121 
123 27  (  119 120 122  )  
124 25 
125 26 'L' 124 
126 27  (  125  )  
127 116 118 123 126 
128 10  (  13 111 29  )  
129 115 81 128 
130 129 129 
131 58 130 
132 81  (  131  )  
133 129 132 
134 114 127 133 
135 2 6 
136 61 135 '' 
137 61 135 '' 
138 66 'marriage' 136 137 false false 
139 17 'married' 
140 121  (  139 92  )  
141 17 'marriage' 
142 68 140 141 
143 22 'married to' 31 34 
144 81  (  138 142 143  )  
145 124 144 
146 109 'nothing' 
147 81  (  146  )  
148 125 147 
149 10  (  31  )  
150 10  (  141  )  
151 10  (  6 149 150  )  
152 115 81 151 
153 19 152 34 
154 126 153 
155 10  (  31  )  
156 17 'assimetric' 
157 17 'only' 
158 121  (  156 157 104  )  
159 120 'an' 158 
160 10  (  6 155 159  )  
161 115 81 160 
162 19 161 34 
163 126 162 
164 10  (  16  )  
165 115 118 164 
166 19 19 165 
167 126 166 
168 22 'open from' 19 16 
169 126 168 
170 81  (  5 9 12 15 18 21 25 30 33 36 39 60 80 117 134 145 148 154 163 167 169  )  
 
