1 17 'thing' 
2 60 'entity' 
3 19 1 2 
4 17 'container' 
5 60 'entity' 
6 19 4 5 
7 17 'apple' 
8 19 7 1 
9 17 'orange' 
10 19 9 1 
11 17 'box' 
12 19 11 4 
13 17 'eating' 
14 59 1 0 
15 19 13 14 
16 17 'putting into' 
17 59 1 4 
18 19 16 17 
19 17 'retreating' 
20 59 0 0 
21 19 19 20 
22 17 'eat' 
23 38 22 
24 25 
25 26 'noum1' 24 
26 27 V ( 23 25 ) 
27 38 1 
28 27 V ( 27 ) 
29 17 'eat_this' 
30 52 26 28 29 
31 80 V ( 3 6 8 10 12 15 18 21 30 ) 
32 122 31 
33 47 'putting into' 0 
34 110 33 7 11 
35 49 34 
36 80 V ( 35 ) 
37 123 36 
38 17 'nothing' 
39 124 38 
40 47 'eating' 0 
41 17 'bad apple' 
42 12 V ( 41 9 ) 
43 110 40 42 0 
44 49 43 
45 80 V ( 44 ) 
46 123 45 
47 124 38 
48 47 'putting' 0 
49 17 'apple box' 
50 110 48 49 0 
51 49 50 
52 80 V ( 51 ) 
53 123 52 
54 124 38 
55 47 'putting inside' 0 
56 110 55 7 11 
57 49 56 
58 80 V ( 57 ) 
59 123 58 
60 17 'inside box' 
61 19 7 60 
62 124 61 
63 17 'putting' 
64 59 1 4 
65 19 63 64 
66 80 V ( 65 ) 
67 123 66 
68 17 'true' 
69 124 68 
70 80 V ( 32 37 39 46 47 53 54 59 62 67 69 ) 
