1 17 'thing' 
2 58 'entity' 
3 19 1 2 
4 17 'people' 
5 19 4 1 
6 17 'Diagnosing' 
7 57 1 0 
8 19 6 7 
9 17 '"' 
10 38 9 
11 17 'diagnose' 
12 38 11 
13 25 
14 26 'noum1' 13 
15 27  (  10 12 14  )  
16 38 1 
17 27  (  16  )  
18 17 'diagnosing' 
19 50 15 17 18 
20 17 'apple' 
21 19 20 1 
22 17 'Fred' 
23 17 'person' 
24 19 22 23 
25 79  (  3 5 8 19 21 24  )  
26 120 25 
27 38 18 
28 93 27 0 0 
29 17 'noum' 
30 38 23 
31 19 29 30 
32 42 31 
33 46 'say_text' 0 
34 60 'Only people can have diagnoses.' 
35 115  (  34  )  
36 109 33 35 0 
37 97 1 0 
38 79  (  36 37  )  
39 76 32 38 0 
40 79  (  39  )  
41 94 3 28 40 
42 38 18 
43 93 42 0 0 
44 46 'say_text' 0 
45 60 'You're not a medical expert.' 
46 115  (  45  )  
47 109 44 46 0 
48 79  (  47  )  
49 94 5 43 48 
50 38 18 
51 17 'player' 
52 38 51 
53 27  (  50 52  )  
54 93 0 53 0 
55 46 'say_text' 0 
56 60 'You feel fine!' 
57 115  (  56  )  
58 109 55 57 0 
59 79  (  58  )  
60 94 4 54 59 
61 46 'Diagnosing' 0 
62 109 61 20 0 
63 48 62 
64 79  (  63  )  
65 121 64 
66 17 'said " Only people can have diagnoses. "' 
67 122 66 
68 46 'Diagnosing' 0 
69 109 68 22 0 
70 48 69 
71 79  (  70  )  
72 121 71 
73 17 'said " You're not a medical expert. "' 
74 122 73 
75 46 'silently' 0 
76 17 'Diagnosing Fred' 
77 109 75 76 0 
78 48 77 
79 79  (  78  )  
80 121 79 
81 17 'said nothing' 
82 122 81 
83 57 1 0 
84 19 6 83 
85 58 'entity' 
86 19 1 85 
87 17 'key' 
88 17 'box' 
89 10  (  87 20 88  )  
90 19 89 1 
91 79  (  84 86 90  )  
92 120 91 
93 46 'silently' 0 
94 109 93 76 0 
95 48 94 
96 79  (  95  )  
97 121 96 
98 122 73 
99 79  (  26 41 49 60 65 67 72 74 80 82 92 97 98  )  
 
